neg,neu,pos,compound
0.0,0.779,0.221,0.1779
0.143,0.857,0.0,-0.128
0.073,0.865,0.062,-0.1027
0.271,0.729,0.0,-0.3818
0.326,0.674,0.0,-0.8655
0.0,1.0,0.0,0.0
0.0,0.779,0.221,0.4549
0.0,1.0,0.0,0.0
0.081,0.809,0.11,0.128
0.0,1.0,0.0,0.0
0.112,0.8,0.088,-0.1531
0.0,1.0,0.0,0.0
0.0,0.914,0.086,0.1531
0.0,1.0,0.0,0.0
0.0,0.874,0.126,0.3182
0.068,0.932,0.0,-0.2411
0.0,1.0,0.0,0.0
0.0,0.784,0.216,0.357
0.0,1.0,0.0,0.0
0.0,1.0,0.0,0.0
0.184,0.727,0.089,-0.4007
0.0,1.0,0.0,0.0
0.201,0.671,0.128,-0.296
0.121,0.879,0.0,-0.0258
0.0,1.0,0.0,0.0
0.0,0.89,0.11,0.1531
0.0,0.715,0.285,0.5229
0.145,0.855,0.0,-0.296
0.0,1.0,0.0,0.0
0.0,0.873,0.127,0.1531
0.0,1.0,0.0,0.0
0.0,1.0,0.0,0.0
0.11,0.745,0.145,-0.0
0.09,0.806,0.104,0.1531
0.0,0.914,0.086,0.1531
0.172,0.703,0.125,-0.1531
0.275,0.725,0.0,-0.4874
0.114,0.886,0.0,-0.2924
0.216,0.784,0.0,-0.296
0.0,0.796,0.204,0.3182
0.0,0.881,0.119,0.3182
0.078,0.922,0.0,-0.1139
0.0,1.0,0.0,0.0
0.0,0.796,0.204,0.5574
0.0,0.877,0.123,0.2732
0.258,0.67,0.072,-0.9081
0.099,0.901,0.0,-0.296
0.0,0.873,0.127,0.1531
0.0,0.94,0.06,0.1531
0.109,0.891,0.0,-0.296
0.124,0.787,0.09,-0.1531
0.072,0.928,0.0,-0.1779
0.0,1.0,0.0,0.0
0.0,0.848,0.152,0.3612
0.222,0.556,0.222,0.0
0.0,1.0,0.0,0.0
0.161,0.839,0.0,-0.3929
0.0,1.0,0.0,0.0
0.0,1.0,0.0,0.0
0.063,0.873,0.063,0.0
0.0,0.913,0.087,0.2603
0.0,0.862,0.138,0.34
0.18,0.765,0.055,-0.7479
0.0,1.0,0.0,0.0
0.0,1.0,0.0,0.0
0.0,1.0,0.0,0.0
0.437,0.563,0.0,-0.4767
0.0,1.0,0.0,0.0
0.0,1.0,0.0,0.0
0.0,0.922,0.078,0.1531
0.0,0.904,0.096,0.1531
0.091,0.826,0.083,-0.0717
0.0,0.859,0.141,0.4215
0.0,0.873,0.127,0.4404
0.1,0.9,0.0,-0.2732
0.219,0.781,0.0,-0.3907
0.096,0.807,0.098,0.0108
0.0,1.0,0.0,0.0
0.047,0.694,0.259,0.7719
0.0,0.774,0.226,0.3875
0.0,0.925,0.075,0.296
0.0,1.0,0.0,0.0
0.0,0.831,0.169,0.7579
0.0,0.94,0.06,0.1531
0.0,1.0,0.0,0.0
0.067,0.933,0.0,-0.3182
0.0,1.0,0.0,0.0
0.248,0.752,0.0,-0.765
0.0,1.0,0.0,0.0
0.331,0.422,0.247,-0.1027
0.368,0.632,0.0,-0.5423
0.0,1.0,0.0,0.0
0.06,0.94,0.0,-0.2315
0.0,0.927,0.073,0.3182
0.0,0.949,0.051,0.2235
0.0,1.0,0.0,0.0
0.185,0.732,0.083,-0.47
0.0,0.865,0.135,0.4215
0.0,0.851,0.149,0.4215
0.111,0.731,0.158,0.3716
0.0,1.0,0.0,0.0
0.127,0.629,0.244,0.4877
0.0,1.0,0.0,0.0
0.0,1.0,0.0,0.0
0.112,0.8,0.088,-0.1531
0.149,0.743,0.108,-0.1531
0.0,1.0,0.0,0.0
0.0,0.855,0.145,0.296
0.0,0.833,0.167,0.1531
0.253,0.747,0.0,-0.5256
0.0,1.0,0.0,0.0
0.0,0.913,0.087,0.2732
0.0,1.0,0.0,0.0
0.0,0.914,0.086,0.1531
0.0,0.833,0.167,0.4215
0.14,0.7,0.16,0.0516
0.0,0.667,0.333,0.3612
0.176,0.824,0.0,-0.2315
0.0,1.0,0.0,0.0
0.0,1.0,0.0,0.0
0.268,0.732,0.0,-0.296
0.219,0.781,0.0,-0.1027
0.0,1.0,0.0,0.0
0.0,1.0,0.0,0.0
0.255,0.745,0.0,-0.34
0.378,0.622,0.0,-0.3907
0.0,0.642,0.358,0.4404
0.0,1.0,0.0,0.0
0.0,1.0,0.0,0.0
0.403,0.597,0.0,-0.4019
0.224,0.776,0.0,-0.1139
0.0,0.833,0.167,0.1531
0.0,0.455,0.545,0.5859
0.0,1.0,0.0,0.0
0.407,0.349,0.244,-0.34
0.187,0.813,0.0,-0.3182
0.216,0.784,0.0,-0.296
0.332,0.668,0.0,-0.539
0.0,0.55,0.45,0.5994
0.0,1.0,0.0,0.0
0.087,0.786,0.127,0.167
0.0,1.0,0.0,0.0
0.0,1.0,0.0,0.0
0.117,0.802,0.08,-0.3182
0.0,1.0,0.0,0.0
0.22,0.78,0.0,-0.5233
0.0,1.0,0.0,0.0
0.259,0.666,0.075,-0.7153
0.08,0.868,0.051,-0.2263
0.187,0.634,0.179,-0.0516
0.109,0.738,0.153,0.197
0.0,0.877,0.123,0.4215
0.099,0.794,0.106,0.296
0.066,0.751,0.183,0.3612
0.0,1.0,0.0,0.0
0.0,0.704,0.296,0.2732
0.0,1.0,0.0,0.0
0.0,0.606,0.394,0.4404
0.105,0.766,0.129,0.128
0.0,0.831,0.169,0.3506
0.167,0.833,0.0,-0.296
0.0,1.0,0.0,0.0
0.0,0.794,0.206,0.4404
0.0,1.0,0.0,0.0
0.0,1.0,0.0,0.0
0.0,0.842,0.158,0.4588
0.143,0.857,0.0,-0.3612
0.0,1.0,0.0,0.0
0.0,0.789,0.211,0.1531
0.0,0.655,0.345,0.3875
0.175,0.825,0.0,-0.1779
0.0,0.897,0.103,0.1531
0.0,1.0,0.0,0.0
0.255,0.745,0.0,-0.34
0.233,0.5,0.267,0.0516
0.0,0.642,0.358,0.4404
0.0,1.0,0.0,0.0
0.0,1.0,0.0,0.0
0.0,0.833,0.167,0.1531
0.0,1.0,0.0,0.0
0.0,0.455,0.545,0.5859
0.407,0.349,0.244,-0.34
0.187,0.813,0.0,-0.3182
0.332,0.668,0.0,-0.539
0.0,1.0,0.0,0.0
0.043,0.815,0.141,0.6597
0.133,0.753,0.114,-0.2347
0.0,0.867,0.133,0.25
0.0,0.803,0.197,0.4019
0.107,0.893,0.0,-0.2023
0.0,0.849,0.151,0.5859
0.212,0.788,0.0,-0.5122
0.0,1.0,0.0,0.0
0.058,0.824,0.118,0.296
0.128,0.79,0.082,-0.2975
0.0,0.878,0.122,0.4939
0.0,0.811,0.189,0.7766
0.0,0.787,0.213,0.4019
0.14,0.86,0.0,-0.3818
0.0,0.833,0.167,0.1531
0.048,0.849,0.103,0.3182
0.0,1.0,0.0,0.0
0.095,0.769,0.136,0.2263
0.0,0.861,0.139,0.34
0.0,1.0,0.0,0.0
0.0,0.854,0.146,0.5859
0.0,0.904,0.096,0.1531
0.0,1.0,0.0,0.0
0.04,0.96,0.0,-0.2732
0.0,0.779,0.221,0.5267
0.0,1.0,0.0,0.0
0.263,0.737,0.0,-0.3612
0.0,0.93,0.07,0.5106
0.0,1.0,0.0,0.0
0.0,0.75,0.25,0.4576
0.0,1.0,0.0,0.0
0.0,1.0,0.0,0.0
0.057,0.943,0.0,-0.2732
0.0,1.0,0.0,0.0
0.0,1.0,0.0,0.0
0.0,1.0,0.0,0.0
0.0,1.0,0.0,0.0
0.0,1.0,0.0,0.0
0.0,0.897,0.103,0.3182
0.0,0.942,0.058,0.296
0.0,0.868,0.132,0.4588
0.0,1.0,0.0,0.0
0.213,0.787,0.0,-0.4019
0.0,0.917,0.083,0.25
0.132,0.868,0.0,-0.4201
0.145,0.687,0.168,-0.1027
0.07,0.843,0.087,-0.1027
0.0,0.942,0.058,0.1531
0.167,0.833,0.0,-0.296
0.0,0.821,0.179,0.486
0.0,1.0,0.0,0.0
0.037,0.846,0.117,0.5719
0.193,0.807,0.0,-0.5106
0.097,0.665,0.238,0.5413
0.156,0.781,0.062,-0.34
0.0,1.0,0.0,0.0
0.0,1.0,0.0,0.0
0.0,0.814,0.186,0.5719
0.061,0.939,0.0,-0.34
0.0,0.772,0.228,0.7269
0.089,0.911,0.0,-0.2411
0.328,0.672,0.0,-0.5919
0.0,1.0,0.0,0.0
0.141,0.859,0.0,-0.3182
0.0,1.0,0.0,0.0
0.121,0.403,0.476,0.6597
0.237,0.763,0.0,-0.9196
0.098,0.778,0.124,0.3077
0.068,0.881,0.051,-0.2023
0.0,0.854,0.146,0.7713
0.0,0.904,0.096,0.1531
0.0,0.899,0.101,0.2023
0.084,0.916,0.0,-0.631
0.051,0.888,0.061,-0.1299
0.097,0.841,0.062,-0.624
0.0,1.0,0.0,0.0
0.158,0.742,0.1,-0.7269
0.057,0.9,0.043,0.0258
0.106,0.766,0.128,0.6994
0.099,0.847,0.053,-0.4404
0.153,0.847,0.0,-0.4019
0.0,0.917,0.083,0.25
0.111,0.76,0.129,0.2584
0.081,0.871,0.047,-0.2006
0.0,0.699,0.301,0.802
0.0,1.0,0.0,0.0
0.182,0.739,0.079,-0.4767
0.097,0.761,0.141,0.7347
0.119,0.811,0.07,-0.2263
0.0,0.885,0.115,0.5423
0.022,0.935,0.044,0.1311
0.0,0.941,0.059,0.3182
0.202,0.798,0.0,-0.5859
0.0,0.769,0.231,0.5423
0.0,1.0,0.0,0.0
0.0,0.899,0.101,0.4019
0.0,0.69,0.31,0.8402
0.059,0.72,0.22,0.7655
0.188,0.812,0.0,-0.6226
0.0,0.654,0.346,0.5086
0.0,1.0,0.0,0.0
0.241,0.759,0.0,-0.6597
0.111,0.778,0.111,-0.0018
0.085,0.915,0.0,-0.5106
0.0,0.945,0.055,0.34
0.094,0.761,0.145,0.6428
0.166,0.721,0.113,-0.4336
0.036,0.837,0.127,0.8059
0.078,0.922,0.0,-0.3182
0.0,0.833,0.167,0.25
0.045,0.791,0.163,0.9246
0.129,0.644,0.228,0.2677
0.0,0.866,0.134,0.8074
0.0,1.0,0.0,0.0
0.091,0.828,0.082,-0.4914
0.078,0.818,0.105,0.2649
0.044,0.924,0.032,-0.1796
0.0,0.918,0.082,0.5423
0.0,1.0,0.0,0.0
0.095,0.905,0.0,-0.296
0.117,0.757,0.126,-0.1027
0.036,0.799,0.165,0.9748
0.135,0.792,0.073,-0.4434
0.0,0.902,0.098,0.4939
0.05,0.914,0.036,-0.1303
0.0,0.949,0.051,0.1531
0.116,0.884,0.0,-0.6249
0.166,0.834,0.0,-0.6588
0.094,0.703,0.203,0.8542
0.121,0.879,0.0,-0.296
0.102,0.652,0.246,0.6249
0.139,0.831,0.03,-0.83
0.0,0.856,0.144,0.9556
0.096,0.866,0.039,-0.5859
0.12,0.637,0.243,0.8905
0.093,0.828,0.079,-0.1027
0.037,0.878,0.085,0.2023
0.171,0.779,0.05,-0.5994
0.115,0.885,0.0,-0.296
0.055,0.847,0.098,0.2263
0.096,0.822,0.082,-0.1921
0.261,0.688,0.052,-0.8074
0.064,0.862,0.075,-0.0147
0.0,0.825,0.175,0.1779
0.071,0.877,0.052,-0.1531
0.0,0.925,0.075,0.4939
0.006,0.909,0.085,0.9584
0.0,0.874,0.126,0.3818
0.133,0.806,0.061,-0.4344
0.0,0.89,0.11,0.5719
0.0,1.0,0.0,0.0
0.179,0.821,0.0,-0.2924
0.0,0.866,0.134,0.4019
0.105,0.799,0.095,0.09
0.15,0.755,0.094,-0.9042
0.115,0.789,0.096,-0.7184
0.0,0.886,0.114,0.4019
0.0,0.813,0.187,0.6662
0.128,0.832,0.041,-0.6908
0.28,0.521,0.199,-0.4019
0.074,0.836,0.09,0.128
0.0,1.0,0.0,0.0
0.108,0.892,0.0,-0.4404
0.208,0.731,0.062,-0.5859
0.0,1.0,0.0,0.0
0.014,0.779,0.207,0.9538
0.17,0.749,0.081,-0.4767
0.09,0.854,0.056,-0.6497
0.144,0.823,0.033,-0.7351
0.0,0.849,0.151,0.891
0.089,0.862,0.049,-0.1813
0.247,0.753,0.0,-0.7096
0.091,0.849,0.06,-0.1298
0.0,1.0,0.0,0.0
0.109,0.751,0.14,0.296
0.0,0.919,0.081,0.5267
0.136,0.756,0.108,-0.4875
0.196,0.709,0.095,-0.6652
0.109,0.891,0.0,-0.3252
0.046,0.721,0.233,0.7783
0.104,0.783,0.113,-0.4287
0.099,0.852,0.048,-0.6124
0.053,0.902,0.045,-0.0742
0.0,1.0,0.0,0.0
0.043,0.925,0.032,0.0139
0.088,0.858,0.054,-0.9095
0.034,0.909,0.057,0.128
0.057,0.773,0.171,0.8456
0.087,0.913,0.0,-0.2057
0.114,0.85,0.036,-0.6369
0.073,0.829,0.098,-0.0
0.0,0.943,0.057,0.4215
0.0,1.0,0.0,0.0
0.071,0.882,0.047,-0.0754
0.0,1.0,0.0,0.0
0.045,0.955,0.0,-0.264
0.131,0.812,0.058,-0.8316
0.049,0.797,0.154,0.6249
0.0,0.959,0.041,0.25
0.0,0.918,0.082,0.2212
0.19,0.81,0.0,-0.7783
0.0,0.879,0.121,0.5719
0.249,0.751,0.0,-0.9595
0.194,0.806,0.0,-0.802
0.0,0.819,0.181,0.4939
0.041,0.882,0.077,0.4864
0.133,0.759,0.108,-0.3919
0.118,0.626,0.256,0.5759
0.0,0.795,0.205,0.6597
0.0,1.0,0.0,0.0
0.088,0.765,0.148,0.8611
0.086,0.802,0.112,0.1635
0.18,0.769,0.05,-0.8834
0.029,0.896,0.075,0.535
0.03,0.838,0.132,0.7678
0.036,0.964,0.0,-0.296
0.076,0.697,0.227,0.9838
0.029,0.884,0.086,0.4939
0.283,0.658,0.059,-0.9313
0.084,0.841,0.075,-0.2263
0.156,0.822,0.023,-0.765
0.049,0.763,0.188,0.7222
0.084,0.916,0.0,-0.2732
0.109,0.793,0.098,-0.1921
0.176,0.824,0.0,-0.6597
0.055,0.945,0.0,-0.3818
0.0,0.944,0.056,0.4019
0.033,0.933,0.034,0.0258
0.039,0.85,0.112,0.7728
0.05,0.828,0.122,0.5994
0.031,0.847,0.122,0.765
0.0,0.927,0.073,0.5719
0.082,0.918,0.0,-0.3818
0.053,0.795,0.151,0.7906
0.053,0.876,0.071,0.0754
0.0,1.0,0.0,0.0
0.0,0.706,0.294,0.6124
0.047,0.881,0.071,0.1779
0.0,0.774,0.226,0.8603
0.0,0.949,0.051,0.296
0.165,0.835,0.0,-0.631
0.049,0.922,0.029,-0.296
0.183,0.817,0.0,-0.6808
0.257,0.677,0.066,-0.9477
0.283,0.717,0.0,-0.7269
0.142,0.858,0.0,-0.7783
0.079,0.823,0.097,0.1045
0.203,0.694,0.103,-0.71
0.0,1.0,0.0,0.0
0.065,0.796,0.139,0.8747
0.066,0.846,0.088,0.25
0.0,0.901,0.099,0.5106
0.041,0.838,0.12,0.6705
0.0,0.872,0.128,0.3612
0.099,0.901,0.0,-0.8573
0.08,0.831,0.09,0.0772
0.115,0.833,0.052,-0.5267
0.0,0.963,0.037,0.2732
0.0,1.0,0.0,0.0
0.112,0.871,0.017,-0.8316
0.035,0.778,0.186,0.8074
0.0,0.931,0.069,0.25
0.0,0.909,0.091,0.0772
0.038,0.907,0.055,0.0708
0.091,0.909,0.0,-0.296
0.0,1.0,0.0,0.0
0.053,0.892,0.054,0.0681
0.206,0.687,0.107,-0.3182
0.147,0.853,0.0,-0.4767
0.046,0.954,0.0,-0.5255
0.05,0.903,0.047,-0.0258
0.121,0.722,0.157,0.1779
0.196,0.804,0.0,-0.8074
0.066,0.842,0.092,0.1779
0.054,0.889,0.057,-0.2023
0.0,0.814,0.186,0.1531
0.063,0.848,0.089,0.0772
0.0,0.917,0.083,0.4588
0.099,0.831,0.07,-0.024
0.035,0.826,0.139,0.4812
0.032,0.968,0.0,-0.25
0.146,0.762,0.091,-0.4767
0.143,0.775,0.083,-0.977
0.0,0.922,0.078,0.1531
0.045,0.913,0.041,-0.0366
0.082,0.89,0.028,-0.9249
0.0,0.892,0.108,0.6067
0.085,0.69,0.225,0.4767
0.0,0.928,0.072,0.7165
0.0,0.961,0.039,0.1779
0.107,0.75,0.143,0.4606
0.0,0.897,0.103,0.1531
0.087,0.651,0.262,0.9042
0.204,0.707,0.089,-0.8225
0.053,0.841,0.106,0.8047
0.302,0.698,0.0,-0.7234
0.268,0.732,0.0,-0.7783
0.078,0.857,0.065,-0.7724
0.0,0.884,0.116,0.3595
0.088,0.674,0.238,0.8152
0.062,0.938,0.0,-0.1027
0.131,0.661,0.207,0.4767
0.021,0.644,0.335,0.9908
0.0,1.0,0.0,0.0
0.227,0.639,0.134,-0.4404
0.044,0.93,0.026,-0.2732
0.067,0.933,0.0,-0.0191
0.0,0.922,0.078,0.4847
0.0,1.0,0.0,0.0
0.0,0.907,0.093,0.6956
0.088,0.81,0.102,0.1027
0.192,0.808,0.0,-0.228
0.077,0.923,0.0,-0.4767
0.079,0.833,0.088,0.0043
0.0,0.879,0.121,0.6705
0.072,0.77,0.158,0.9225
0.0,0.957,0.043,0.2732
0.0,1.0,0.0,0.0
0.076,0.924,0.0,-0.4019
0.052,0.881,0.067,0.1531
0.058,0.811,0.132,0.8316
0.0,0.899,0.101,0.5574
0.102,0.688,0.21,0.6369
0.0,1.0,0.0,0.0
0.051,0.822,0.126,0.8807
0.077,0.737,0.186,0.9602
0.185,0.659,0.156,0.1623
0.233,0.645,0.122,-0.823
0.0,0.846,0.154,0.8316
0.06,0.94,0.0,-0.1531
0.035,0.915,0.05,0.128
0.0,1.0,0.0,0.0
0.0,0.748,0.252,0.9094
0.0,0.903,0.097,0.4019
0.154,0.772,0.073,-0.6743
0.0,0.883,0.117,0.7184
0.0,0.947,0.053,0.0772
0.038,0.927,0.035,-0.0412
0.037,0.862,0.101,0.6597
0.054,0.791,0.155,0.5046
0.0,0.898,0.102,0.3612
0.207,0.718,0.075,-0.5849
0.0,1.0,0.0,0.0
0.052,0.853,0.095,0.4781
0.154,0.738,0.107,-0.1779
0.023,0.977,0.0,-0.0258
0.0,0.949,0.051,0.1531
0.0,0.913,0.087,0.4215
0.033,0.896,0.071,0.5803
0.073,0.868,0.059,-0.128
0.133,0.822,0.045,-0.4767
0.241,0.759,0.0,-0.5859
0.018,0.792,0.189,0.8728
0.169,0.802,0.029,-0.8834
0.0,0.85,0.15,0.6055
0.0,0.775,0.225,0.9263
0.164,0.788,0.048,-0.5859
0.029,0.918,0.053,0.1511
0.257,0.691,0.052,-0.8658
0.0,1.0,0.0,0.0
0.0,0.953,0.047,0.3071
0.0,0.853,0.147,0.8481
0.061,0.694,0.245,0.6562
0.064,0.919,0.017,-0.5405
0.187,0.728,0.085,-0.8066
0.112,0.791,0.097,-0.431
0.176,0.694,0.13,-0.1868
0.0,1.0,0.0,0.0
0.201,0.732,0.068,-0.7269
0.074,0.871,0.055,-0.1548
0.052,0.948,0.0,-0.2732
0.0,0.898,0.102,0.4767
0.0,0.937,0.063,0.3612
0.07,0.812,0.118,0.3612
0.061,0.872,0.067,0.0534
0.018,0.919,0.063,0.5267
0.171,0.829,0.0,-0.836
0.0,0.924,0.076,0.4515
0.333,0.667,0.0,-0.7579
0.0,0.935,0.065,0.1531
0.063,0.937,0.0,-0.541
0.0,0.795,0.205,0.7351
0.302,0.698,0.0,-0.6369
0.078,0.679,0.243,0.9481
0.095,0.761,0.145,0.5165
0.449,0.551,0.0,-0.9657
0.213,0.7,0.087,-0.4939
0.12,0.88,0.0,-0.5994
0.018,0.879,0.103,0.5551
0.18,0.66,0.16,-0.25
0.0,0.932,0.068,0.3612
0.131,0.774,0.096,-0.5688
0.0,0.957,0.043,0.2023
0.0,0.714,0.286,0.6369
0.328,0.672,0.0,-0.8313
0.086,0.835,0.079,-0.3182
0.04,0.845,0.115,0.9551
0.0,0.968,0.032,0.2732
0.0,0.579,0.421,0.7906
0.126,0.807,0.067,-0.4754
0.038,0.943,0.019,-0.3612
0.037,0.854,0.109,0.6486
0.034,0.874,0.092,0.5859
0.075,0.925,0.0,-0.5106
0.0,0.917,0.083,0.4588
0.0,0.927,0.073,0.3804
0.167,0.833,0.0,-0.5574
0.071,0.876,0.054,-0.1531
0.077,0.871,0.051,-0.3291
0.0,1.0,0.0,0.0
0.073,0.899,0.029,-0.4215
0.191,0.636,0.173,-0.4404
0.076,0.924,0.0,-0.1027
0.118,0.73,0.152,0.2111
0.0,1.0,0.0,0.0
0.0,0.878,0.122,0.5548
0.0,1.0,0.0,0.0
0.043,0.831,0.126,0.3612
0.093,0.832,0.075,-0.2732
0.087,0.913,0.0,-0.296
0.14,0.86,0.0,-0.7184
0.0,1.0,0.0,0.0
0.031,0.857,0.112,0.4588
0.317,0.683,0.0,-0.9517
0.0,0.943,0.057,0.4404
0.0,0.798,0.202,0.8979
0.083,0.884,0.033,-0.2504
0.036,0.839,0.125,0.8824
0.0,0.89,0.11,0.4767
0.192,0.714,0.094,-0.296
0.0,0.893,0.107,0.34
0.11,0.827,0.063,-0.3354
0.0,0.959,0.041,0.2263
0.0,0.679,0.321,0.7964
0.037,0.844,0.119,0.5106
0.087,0.846,0.067,-0.1491
0.094,0.772,0.134,0.5423
0.0,1.0,0.0,0.0
0.065,0.935,0.0,-0.1511
0.164,0.836,0.0,-0.5423
0.0,0.836,0.164,0.6249
0.071,0.871,0.058,-0.2023
0.201,0.714,0.084,-0.4215
0.089,0.857,0.054,-0.4914
0.273,0.675,0.051,-0.7845
0.0,1.0,0.0,0.0
0.077,0.843,0.08,0.0258
0.095,0.81,0.095,0.0094
0.299,0.701,0.0,-0.7506
0.056,0.908,0.036,-0.2177
0.0,1.0,0.0,0.0
0.104,0.869,0.027,-0.5423
0.108,0.797,0.095,-0.4404
0.0,1.0,0.0,0.0
0.129,0.8,0.071,-0.5615
0.0,0.896,0.104,0.5931
0.092,0.778,0.13,0.0772
0.0,0.924,0.076,0.0828
0.155,0.797,0.047,-0.7184
0.0,1.0,0.0,0.0
0.088,0.808,0.104,0.25
0.08,0.779,0.141,0.34
0.041,0.894,0.064,0.128
0.064,0.801,0.135,0.7351
0.044,0.869,0.087,0.34
0.149,0.78,0.071,-0.3381
0.0,0.849,0.151,0.1531
0.135,0.727,0.137,0.2617
0.181,0.741,0.078,-0.9604
0.195,0.649,0.157,-0.1321
0.081,0.919,0.0,-0.296
0.203,0.707,0.09,-0.7866
0.162,0.817,0.021,-0.9001
0.0,1.0,0.0,0.0
0.079,0.921,0.0,-0.8439
0.098,0.827,0.075,0.0258
0.109,0.641,0.25,0.9074
0.0,0.894,0.106,0.7964
0.082,0.883,0.035,-0.4767
0.123,0.744,0.133,0.304
0.096,0.677,0.227,0.8519
0.013,0.894,0.093,0.9062
0.067,0.828,0.104,0.0516
0.055,0.886,0.059,0.0408
0.0,0.872,0.128,0.3612
0.0,0.904,0.096,0.1531
0.0,0.959,0.041,0.1531
0.076,0.825,0.099,-0.0334
0.372,0.628,0.0,-0.7964
0.108,0.832,0.061,-0.659
0.0,0.967,0.033,0.1326
0.015,0.92,0.065,0.875
0.0,0.535,0.465,0.6239
0.0,0.767,0.233,0.6908
0.0,0.872,0.128,0.296
0.0,1.0,0.0,0.0
0.06,0.858,0.082,0.0516
0.333,0.667,0.0,-0.8176
0.091,0.743,0.166,0.6705
0.084,0.736,0.181,0.6868
0.042,0.886,0.071,0.128
0.0,0.87,0.13,0.743
0.0,0.983,0.017,0.0516
0.0,0.714,0.286,0.5859
0.0,0.929,0.071,0.296
0.068,0.932,0.0,-0.296
0.13,0.769,0.101,-0.7115
0.0,0.825,0.175,0.9287
0.06,0.766,0.174,0.2905
0.066,0.785,0.15,0.7369
0.027,0.932,0.041,0.2732
0.152,0.821,0.027,-0.8074
0.084,0.916,0.0,-0.296
0.0,0.872,0.128,0.9169
0.0,1.0,0.0,0.0
0.074,0.926,0.0,-0.1531
0.263,0.657,0.081,-0.5574
0.28,0.604,0.116,-0.93
0.0,1.0,0.0,0.0
0.0,0.714,0.286,0.5267
0.059,0.835,0.106,0.4019
0.245,0.687,0.069,-0.6249
0.0,1.0,0.0,0.0
0.252,0.579,0.169,-0.4588
0.114,0.781,0.105,-0.2601
0.147,0.773,0.08,-0.7884
0.116,0.884,0.0,-0.5859
0.0,0.753,0.247,0.8481
0.09,0.787,0.124,0.2263
0.339,0.661,0.0,-0.8824
0.239,0.761,0.0,-0.9324
0.132,0.727,0.141,0.3172
0.06,0.808,0.132,0.4767
0.0,0.858,0.142,0.8555
0.0,1.0,0.0,0.0
0.279,0.721,0.0,-0.4767
0.024,0.864,0.112,0.9312
0.257,0.701,0.043,-0.7574
0.0,0.94,0.06,0.4019
0.0,0.91,0.09,0.5165
0.033,0.726,0.241,0.8636
0.0,1.0,0.0,0.0
0.072,0.928,0.0,-0.7139
0.266,0.734,0.0,-0.4404
0.07,0.843,0.087,0.4767
0.105,0.806,0.089,-0.2023
0.072,0.802,0.126,0.2057
0.0,1.0,0.0,0.0
0.139,0.759,0.101,-0.1531
0.257,0.649,0.094,-0.7579
0.0,0.886,0.114,0.4767
0.14,0.745,0.115,-0.2263
0.0,0.935,0.065,0.25
0.04,0.857,0.103,0.4019
0.0,1.0,0.0,0.0
0.061,0.801,0.138,0.6249
0.026,0.809,0.165,0.9022
0.047,0.745,0.208,0.7264
0.108,0.801,0.091,0.0253
0.065,0.903,0.032,-0.3612
0.1,0.753,0.147,0.34
0.138,0.757,0.105,-0.296
0.0,1.0,0.0,0.0
0.256,0.668,0.076,-0.5801
0.075,0.849,0.075,-0.7887
0.102,0.771,0.127,0.3182
0.0,0.876,0.124,0.4019
0.093,0.878,0.029,-0.5411
0.087,0.913,0.0,-0.2732
0.08,0.744,0.176,0.9081
0.145,0.855,0.0,-0.296
0.057,0.907,0.036,-0.2263
0.143,0.755,0.101,-0.7901
0.291,0.625,0.083,-0.6114
0.034,0.813,0.153,0.7783
0.072,0.846,0.082,-0.079
0.061,0.838,0.101,0.34
0.159,0.736,0.105,-0.34
0.0,1.0,0.0,0.0
0.168,0.759,0.073,-0.683
0.0,0.943,0.057,0.2732
0.199,0.695,0.106,-0.7269
0.166,0.749,0.085,-0.8225
0.0,0.868,0.132,0.296
0.0,1.0,0.0,0.0
0.0,1.0,0.0,0.0
0.165,0.67,0.165,0.0
0.076,0.868,0.056,-0.1531
0.037,0.871,0.092,0.5604
0.0,1.0,0.0,0.0
0.065,0.824,0.111,0.3182
0.116,0.884,0.0,-0.1139
0.105,0.867,0.028,-0.7079
0.041,0.826,0.133,0.8687
0.064,0.89,0.046,-0.1744
0.185,0.734,0.081,-0.7579
0.05,0.869,0.081,0.3387
0.068,0.854,0.078,0.2023
0.0,0.714,0.286,0.6808
0.038,0.866,0.096,0.5574
0.033,0.864,0.103,0.4588
0.08,0.846,0.074,0.2944
0.0,0.816,0.184,0.6369
0.111,0.785,0.104,-0.3182
0.056,0.833,0.111,0.3818
0.0,0.954,0.046,0.0772
0.039,0.852,0.109,0.5267
0.0,1.0,0.0,0.0
0.184,0.79,0.026,-0.9302
0.124,0.796,0.08,-0.2263
0.027,0.883,0.09,0.6249
0.194,0.73,0.076,-0.5207
0.0,0.944,0.056,0.2406
0.188,0.812,0.0,-0.8126
0.145,0.739,0.116,-0.5423
0.128,0.872,0.0,-0.6908
0.0,1.0,0.0,0.0
0.263,0.692,0.045,-0.9694
0.093,0.802,0.105,0.0772
0.0,0.874,0.126,0.7003
0.03,0.926,0.044,0.0
0.198,0.802,0.0,-0.6361
0.129,0.808,0.063,-0.3818
0.0,1.0,0.0,0.0
0.0,0.944,0.056,0.5423
0.086,0.805,0.109,-0.0498
0.063,0.85,0.088,0.1431
0.078,0.922,0.0,-0.296
0.0,0.905,0.095,0.5719
0.0,1.0,0.0,0.0
0.191,0.809,0.0,-0.5106
0.0,0.953,0.047,0.5267
0.035,0.907,0.058,0.3804
0.063,0.9,0.037,-0.2846
0.046,0.954,0.0,-0.0772
0.172,0.607,0.222,0.34
0.2,0.632,0.168,-0.4404
0.14,0.769,0.09,-0.2732
0.04,0.909,0.051,0.1027
0.093,0.84,0.066,-0.2263
0.0,0.906,0.094,0.3612
0.0,0.947,0.053,0.3612
0.0,0.902,0.098,0.7845
0.154,0.716,0.13,0.0258
0.15,0.85,0.0,-0.7351
0.048,0.775,0.177,0.8591
0.0,1.0,0.0,0.0
0.206,0.757,0.037,-0.8122
0.041,0.919,0.04,-0.017
0.075,0.629,0.296,0.8176
0.0,1.0,0.0,0.0
0.0,0.911,0.089,0.4767
0.0,0.918,0.082,0.1531
0.0,1.0,0.0,0.0
0.065,0.804,0.131,0.5994
0.044,0.895,0.061,0.0129
0.063,0.842,0.095,0.5859
0.0,0.918,0.082,0.1531
0.12,0.779,0.1,-0.2805
0.114,0.886,0.0,-0.4019
0.163,0.807,0.029,-0.8875
0.359,0.641,0.0,-0.6808
0.0,0.842,0.158,0.5106
0.174,0.689,0.138,-0.2732
0.0,1.0,0.0,0.0
0.061,0.939,0.0,-0.296
0.055,0.875,0.07,0.1091
0.13,0.781,0.088,-0.0618
0.0,1.0,0.0,0.0
0.0,1.0,0.0,0.0
0.0,1.0,0.0,0.0
0.0,0.829,0.171,0.7506
0.096,0.766,0.138,0.9108
0.059,0.847,0.095,0.4215
0.156,0.844,0.0,-0.34
0.044,0.924,0.032,-0.1531
0.225,0.482,0.293,0.4818
0.045,0.883,0.072,0.5014
0.17,0.789,0.041,-0.6249
0.0,1.0,0.0,0.0
0.0,1.0,0.0,0.0
0.077,0.774,0.149,0.3612
0.137,0.832,0.031,-0.6715
0.0,0.955,0.045,0.1531
0.0,0.859,0.141,0.8834
0.0,1.0,0.0,0.0
0.0,1.0,0.0,0.0
0.23,0.615,0.155,-0.818
0.215,0.537,0.248,-0.128
0.126,0.816,0.058,-0.4404
0.021,0.911,0.067,0.4378
0.0,0.942,0.058,0.2732
0.029,0.826,0.146,0.7777
0.0,0.914,0.086,0.5803
0.0,0.884,0.116,0.7509
0.0,0.929,0.071,0.1531
0.036,0.81,0.154,0.7425
0.091,0.765,0.144,0.2023
0.208,0.792,0.0,-0.2732
0.14,0.7,0.16,0.1531
0.103,0.798,0.099,-0.0754
0.251,0.485,0.264,0.1372
0.186,0.698,0.116,-0.5245
0.0,0.843,0.157,0.7579
0.0,0.58,0.42,0.4404
0.149,0.713,0.138,0.0615
0.209,0.791,0.0,-0.4404
0.111,0.795,0.093,-0.5052
0.116,0.809,0.075,-0.3465
0.0,0.928,0.072,0.4404
0.0,0.88,0.12,0.3818
0.147,0.795,0.058,-0.855
0.0,1.0,0.0,0.0
0.024,0.861,0.115,0.9226
0.0,0.884,0.116,0.7024
0.0,0.767,0.233,0.6322
0.27,0.649,0.082,-0.7693
0.0,0.939,0.061,0.4215
0.051,0.918,0.031,-0.1979
0.0,0.92,0.08,0.4939
0.086,0.77,0.144,0.5499
0.137,0.594,0.269,0.7783
0.218,0.721,0.061,-0.7906
0.056,0.789,0.155,0.5423
0.0,0.959,0.041,0.4215
0.06,0.766,0.174,0.6249
0.203,0.797,0.0,-0.6569
0.0,0.866,0.134,0.5023
0.036,0.92,0.044,0.2023
0.039,0.757,0.204,0.8402
0.0,0.842,0.158,0.7003
0.041,0.876,0.082,0.1531
0.0,0.924,0.076,0.2023
0.291,0.709,0.0,-0.4019
0.0,0.825,0.175,0.5456
0.077,0.862,0.061,-0.1431
0.099,0.901,0.0,-0.296
0.182,0.668,0.15,-0.0583
0.0,1.0,0.0,0.0
0.0,1.0,0.0,0.0
0.0,0.842,0.158,0.8399
0.14,0.793,0.068,-0.7796
0.049,0.861,0.09,0.5423
0.015,0.921,0.064,0.7615
0.038,0.861,0.1,0.5574
0.153,0.795,0.051,-0.5574
0.098,0.786,0.115,0.1796
0.204,0.629,0.167,-0.1779
0.0,0.937,0.063,0.3182
0.094,0.81,0.096,0.0516
0.051,0.927,0.021,-0.2846
0.091,0.909,0.0,-0.5267
0.056,0.926,0.018,-0.5859
0.0,1.0,0.0,0.0
0.114,0.8,0.086,-0.2846
0.186,0.591,0.224,-0.0516
0.074,0.842,0.084,0.0516
0.074,0.899,0.027,-0.552
0.066,0.818,0.116,0.6808
0.0,1.0,0.0,0.0
0.0,0.902,0.098,0.3818
0.0,1.0,0.0,0.0
0.083,0.794,0.123,0.6361
0.041,0.832,0.127,0.8338
0.035,0.777,0.187,0.9505
0.0,0.951,0.049,0.0772
0.048,0.843,0.109,0.466
0.054,0.913,0.033,-0.25
0.0,0.93,0.07,0.3612
0.141,0.683,0.176,0.3797
0.127,0.682,0.191,0.1685
0.052,0.696,0.252,0.7437
0.256,0.744,0.0,-0.7626
0.0,1.0,0.0,0.0
0.0,1.0,0.0,0.0
0.06,0.835,0.104,0.2631
0.147,0.793,0.061,-0.7845
0.095,0.759,0.146,0.7311
0.077,0.835,0.088,-0.128
0.046,0.906,0.048,0.0212
0.078,0.756,0.165,0.4753
0.283,0.717,0.0,-0.8271
0.134,0.866,0.0,-0.6597
0.211,0.68,0.109,-0.3612
0.0,0.783,0.217,0.6124
0.0,0.917,0.083,0.2244
0.029,0.749,0.222,0.8295
0.031,0.969,0.0,-0.1139
0.111,0.803,0.086,-0.1708
0.0,0.879,0.121,0.4019
0.13,0.87,0.0,-0.5994
0.0,0.841,0.159,0.7184
0.16,0.764,0.076,-0.3182
0.132,0.868,0.0,-0.5849
0.158,0.782,0.06,-0.7003
0.0,0.921,0.079,0.5994
0.23,0.694,0.076,-0.966
0.132,0.7,0.168,0.101
0.0,0.906,0.094,0.296
0.095,0.873,0.032,-0.6486
0.233,0.742,0.025,-0.8743
0.0,1.0,0.0,0.0
0.0,0.951,0.049,0.1531
0.22,0.78,0.0,-0.6204
0.106,0.814,0.08,-0.4588
0.0,0.783,0.217,0.7351
0.259,0.741,0.0,-0.2732
0.057,0.874,0.069,0.5912
0.08,0.797,0.124,-0.1027
0.0,0.648,0.352,0.4215
0.0,1.0,0.0,0.0
0.0,0.935,0.065,0.5661
0.392,0.608,0.0,-0.7003
0.064,0.878,0.058,-0.0772
0.0,0.686,0.314,0.9075
0.078,0.859,0.064,-0.3484
0.023,0.932,0.046,0.2732
0.0,0.868,0.132,0.8762
0.065,0.896,0.039,-0.2732
0.046,0.777,0.177,0.8675
0.0,0.828,0.172,0.4404
0.0,0.959,0.041,0.2144
0.096,0.81,0.095,-0.024
0.154,0.807,0.039,-0.9186
0.119,0.83,0.051,-0.8122
0.033,0.823,0.144,0.9287
0.103,0.811,0.086,-0.0772
0.0,0.936,0.064,0.3919
0.106,0.871,0.023,-0.8126
0.157,0.786,0.057,-0.5859
0.14,0.712,0.148,0.0989
0.068,0.748,0.184,0.6597
0.0,1.0,0.0,0.0
0.0,1.0,0.0,0.0
0.0,0.682,0.318,0.4939
0.104,0.896,0.0,-0.2732
0.147,0.734,0.119,-0.7351
0.164,0.836,0.0,-0.7553
0.0,0.885,0.115,0.7845
0.0,1.0,0.0,0.0
0.048,0.834,0.118,0.5466
0.08,0.92,0.0,-0.8439
0.031,0.896,0.074,0.3892
0.0,0.911,0.089,0.5106
0.0,1.0,0.0,0.0
0.0,0.902,0.098,0.1326
0.0,0.721,0.279,0.9437
0.198,0.678,0.124,-0.3182
0.0,0.862,0.138,0.5859
0.069,0.871,0.061,-0.0552
0.053,0.81,0.137,0.5106
0.287,0.575,0.138,-0.9218
0.246,0.65,0.104,-0.2942
0.0,0.966,0.034,0.2982
0.109,0.821,0.07,-0.4939
0.094,0.86,0.046,-0.4404
0.0,1.0,0.0,0.0
0.205,0.734,0.062,-0.5719
0.0,0.826,0.174,0.7096
0.053,0.866,0.081,0.1779
0.059,0.81,0.132,0.802
0.053,0.743,0.204,0.9402
0.0,0.826,0.174,0.4184
0.036,0.836,0.128,0.7184
0.218,0.705,0.077,-0.7506
0.0,1.0,0.0,0.0
0.0,0.925,0.075,0.4404
0.04,0.764,0.196,0.8979
0.0,0.838,0.162,0.7506
0.252,0.674,0.074,-0.6124
0.091,0.764,0.145,0.3818
0.093,0.793,0.114,0.1927
0.0,0.901,0.099,0.4939
0.0,0.777,0.223,0.7446
0.0,0.92,0.08,0.5859
0.137,0.863,0.0,-0.4802
0.047,0.771,0.182,0.647
0.114,0.886,0.0,-0.2315
0.049,0.951,0.0,-0.0772
0.061,0.881,0.058,-0.681
0.0,0.672,0.328,0.5267
0.0,1.0,0.0,0.0
0.285,0.593,0.121,-0.7009
0.099,0.842,0.059,-0.5998
0.07,0.7,0.23,0.8947
0.041,0.898,0.061,-0.0102
0.0,1.0,0.0,0.0
0.0,0.842,0.158,0.3089
0.0,1.0,0.0,0.0
0.235,0.498,0.267,-0.0258
0.0,0.776,0.224,0.7574
0.0,0.926,0.074,0.5719
0.0,1.0,0.0,0.0
0.055,0.683,0.262,0.8658
0.112,0.799,0.089,0.0772
0.034,0.966,0.0,-0.2732
0.041,0.882,0.077,0.4963
0.132,0.868,0.0,-0.5849
0.239,0.7,0.061,-0.766
0.086,0.753,0.16,0.7845
0.106,0.869,0.025,-0.6808
0.07,0.822,0.108,0.2263
0.041,0.89,0.068,0.3903
0.0,0.914,0.086,0.1531
0.0,1.0,0.0,0.0
0.188,0.715,0.097,-0.6771
0.0,0.95,0.05,0.3597
0.0,0.931,0.069,0.5714
0.102,0.795,0.102,0.0
0.052,0.687,0.261,0.8323
0.052,0.909,0.039,-0.1027
0.069,0.85,0.081,0.2023
0.07,0.84,0.091,0.2944
0.161,0.608,0.231,0.0772
0.116,0.709,0.175,0.25
0.104,0.839,0.057,-0.2732
0.124,0.852,0.024,-0.7506
0.038,0.856,0.106,0.7745
0.207,0.74,0.053,-0.9223
0.0,0.862,0.138,0.1531
0.079,0.921,0.0,-0.34
0.245,0.542,0.214,-0.5314
0.052,0.892,0.056,0.0534
0.27,0.73,0.0,-0.5719
0.0,0.932,0.068,0.34
0.152,0.79,0.058,-0.8074
0.279,0.665,0.056,-0.8118
0.134,0.753,0.113,-0.3716
0.067,0.877,0.056,-0.0772
0.186,0.814,0.0,-0.4939
0.037,0.843,0.12,0.8105
0.075,0.768,0.157,0.3919
0.099,0.901,0.0,-0.296
0.043,0.907,0.05,0.175
0.055,0.78,0.165,0.5859
0.0,1.0,0.0,0.0
0.066,0.934,0.0,-0.296
0.0,1.0,0.0,0.0
0.163,0.837,0.0,-0.5709
0.164,0.769,0.067,-0.4404
0.167,0.833,0.0,-0.3818
0.0,0.806,0.194,0.4767
0.0,0.923,0.077,0.2732
0.0,0.866,0.134,0.5859
0.208,0.753,0.039,-0.765
0.0,1.0,0.0,0.0
0.024,0.911,0.065,0.3612
0.0,0.879,0.121,0.8357
0.0,0.953,0.047,0.3182
0.0,0.867,0.133,0.3952
0.128,0.685,0.187,0.3818
0.056,0.8,0.144,0.4939
0.048,0.952,0.0,-0.0258
0.021,0.927,0.052,0.3818
0.0,1.0,0.0,0.0
0.139,0.72,0.141,-0.2263
0.074,0.831,0.095,-0.0772
0.0,0.909,0.091,0.1531
0.149,0.667,0.184,0.0772
0.072,0.761,0.167,0.34
0.119,0.881,0.0,-0.6144
0.101,0.826,0.073,-0.1531
0.049,0.951,0.0,-0.3626
0.153,0.747,0.099,-0.3034
0.048,0.789,0.163,0.6288
0.149,0.722,0.129,-0.2911
0.082,0.762,0.155,0.802
0.111,0.808,0.081,-0.3596
0.092,0.777,0.132,0.5106
0.132,0.661,0.206,0.3272
0.051,0.885,0.064,0.1027
0.071,0.929,0.0,-0.296
0.184,0.698,0.118,-0.628
0.078,0.922,0.0,-0.4019
0.0,1.0,0.0,0.0
0.046,0.779,0.174,0.6908
0.0,0.765,0.235,0.5106
0.041,0.844,0.116,0.34
0.0,0.636,0.364,0.7906
0.0,1.0,0.0,0.0
0.064,0.795,0.141,0.3612
0.0,0.917,0.083,0.4215
0.059,0.86,0.08,0.1655
0.0,0.886,0.114,0.4019
0.049,0.891,0.06,-0.128
0.077,0.769,0.154,0.6705
0.088,0.585,0.328,0.9118
0.0,0.922,0.078,0.1531
0.065,0.802,0.134,0.7906
0.193,0.807,0.0,-0.3384
0.18,0.82,0.0,-0.296
0.273,0.55,0.176,-0.2225
0.0,1.0,0.0,0.0
0.093,0.833,0.074,-0.3291
0.13,0.669,0.201,0.2263
0.222,0.778,0.0,-0.7717
0.0,0.866,0.134,0.743
0.158,0.767,0.074,-0.5267
0.035,0.897,0.068,0.296
0.119,0.811,0.07,-0.2023
0.136,0.71,0.155,-0.0299
0.122,0.878,0.0,-0.5106
0.0,1.0,0.0,0.0
0.0,0.967,0.033,0.2023
0.152,0.701,0.147,-0.3182
0.0,0.664,0.336,0.9711
0.0,0.909,0.091,0.3359
0.061,0.821,0.119,0.7587
0.085,0.855,0.06,-0.0258
0.192,0.808,0.0,-0.9136
0.0,0.936,0.064,0.3818
0.084,0.89,0.026,-0.5267
0.102,0.794,0.105,0.0258
0.0,0.898,0.102,0.3612
0.189,0.811,0.0,-0.7251
0.186,0.751,0.063,-0.6249
0.058,0.802,0.139,0.408
0.053,0.868,0.079,0.1779
0.0,1.0,0.0,0.0
0.167,0.747,0.085,-0.5574
0.0,1.0,0.0,0.0
0.136,0.77,0.094,-0.249
0.096,0.696,0.208,0.8228
0.045,0.924,0.031,-0.25
0.139,0.861,0.0,-0.4404
0.151,0.849,0.0,-0.6705
0.389,0.526,0.084,-0.7003
0.0,0.938,0.062,0.5106
0.0,1.0,0.0,0.0
0.0,0.798,0.202,0.5106
0.016,0.774,0.211,0.9727
0.062,0.917,0.021,-0.5499
0.0,0.863,0.137,0.5574
0.135,0.799,0.066,-0.4588
0.04,0.901,0.059,0.1531
0.207,0.793,0.0,-0.5267
0.097,0.903,0.0,-0.5739
0.0,1.0,0.0,0.0
0.404,0.596,0.0,-0.7269
0.059,0.941,0.0,-0.4215
0.075,0.816,0.11,0.1531
0.133,0.762,0.105,-0.3361
0.0,0.839,0.161,0.8553
0.0,1.0,0.0,0.0
0.0,1.0,0.0,0.0
0.189,0.771,0.04,-0.7198
0.165,0.791,0.043,-0.866
0.073,0.756,0.171,0.8867
0.072,0.928,0.0,-0.4215
0.066,0.732,0.202,0.5994
0.0,0.862,0.138,0.1531
0.0,0.831,0.169,0.8126
0.0,1.0,0.0,0.0
0.0,0.913,0.087,0.8013
0.042,0.861,0.098,0.631
0.0,1.0,0.0,0.0
0.044,0.758,0.198,0.8225
0.421,0.526,0.053,-0.8779
0.153,0.803,0.044,-0.8828
0.039,0.888,0.073,0.2247
0.034,0.846,0.12,0.8402
0.167,0.833,0.0,-0.5574
0.0,0.916,0.084,0.3804
0.034,0.913,0.052,0.0232
0.044,0.86,0.097,0.128
0.033,0.8,0.167,0.872
0.018,0.903,0.078,0.9227
0.0,0.914,0.086,0.5413
0.133,0.725,0.142,-0.4019
0.065,0.831,0.104,0.0772
0.086,0.788,0.126,0.2723
0.077,0.853,0.07,-0.0772
0.057,0.877,0.066,-0.1889
0.104,0.87,0.026,-0.5909
0.0,0.909,0.091,0.5267
0.0,0.804,0.196,0.9716
0.087,0.752,0.16,0.1179
0.0,1.0,0.0,0.0
0.205,0.749,0.046,-0.7579
0.0,1.0,0.0,0.0
0.055,0.856,0.088,0.5574
0.0,0.682,0.318,0.7184
0.186,0.682,0.132,-0.34
0.0,0.941,0.059,0.4215
0.172,0.664,0.165,-0.0772
0.0,0.938,0.062,0.5106
0.052,0.75,0.198,0.8883
0.086,0.843,0.071,-0.1779
0.135,0.801,0.063,-0.5927
0.035,0.877,0.088,0.5475
0.0,1.0,0.0,0.0
0.0,0.92,0.08,0.3804
0.0,1.0,0.0,0.0
0.0,0.718,0.282,0.6249
0.0,0.924,0.076,0.7717
0.051,0.878,0.071,0.4767
0.0,0.917,0.083,0.5719
0.0,0.898,0.102,0.5994
0.086,0.857,0.057,-0.2023
0.0,0.928,0.072,0.8988
0.128,0.728,0.144,0.2023
0.021,0.936,0.043,0.3348
0.244,0.602,0.154,-0.0885
0.127,0.797,0.076,-0.1027
0.167,0.833,0.0,-0.8957
0.072,0.862,0.066,-0.0772
0.0,0.838,0.162,0.6597
0.127,0.694,0.18,0.0772
0.154,0.783,0.064,-0.8077
0.077,0.742,0.182,0.34
0.105,0.747,0.148,0.34
0.091,0.784,0.125,0.5373
0.078,0.85,0.071,-0.0516
0.049,0.896,0.055,-0.3914
0.058,0.825,0.116,0.5892
0.0,1.0,0.0,0.0
0.071,0.78,0.149,0.5093
0.0,0.8,0.2,0.8591
0.071,0.839,0.09,0.664
0.182,0.696,0.121,-0.7269
0.099,0.807,0.094,-0.34
0.0,0.909,0.091,0.1531
0.145,0.855,0.0,-0.296
0.08,0.697,0.223,0.9676
0.037,0.921,0.042,0.1609
0.189,0.771,0.04,-0.7198
0.138,0.826,0.036,-0.6174
0.069,0.825,0.106,0.0258
0.052,0.928,0.02,-0.5994
0.0,1.0,0.0,0.0
0.157,0.843,0.0,-0.6808
0.052,0.908,0.041,-0.1477
0.0,1.0,0.0,0.0
0.084,0.916,0.0,-0.296
0.0,0.87,0.13,0.3818
0.0,0.881,0.119,0.4019
0.103,0.667,0.23,0.743
0.0,0.731,0.269,0.7184
0.042,0.865,0.093,0.3818
0.0,0.92,0.08,0.6124
0.063,0.852,0.085,0.1548
0.108,0.774,0.119,0.5274
0.186,0.689,0.125,-0.34
0.159,0.841,0.0,-0.6124
0.0,1.0,0.0,0.0
0.0,0.864,0.136,0.5267
0.064,0.842,0.094,0.4489
0.128,0.872,0.0,-0.4215
0.0,0.961,0.039,0.3612
0.143,0.606,0.251,0.7901
0.0,1.0,0.0,0.0
0.0,0.883,0.117,0.9253
0.029,0.887,0.084,0.504
0.0,0.882,0.118,0.1531
0.0,1.0,0.0,0.0
0.0,0.945,0.055,0.34
0.101,0.549,0.35,0.7096
0.244,0.667,0.089,-0.765
0.099,0.766,0.135,-0.0516
0.0,0.879,0.121,0.3544
0.127,0.873,0.0,-0.5423
0.086,0.838,0.075,-0.2263
0.141,0.799,0.06,-0.5346
0.081,0.851,0.068,-0.0772
0.0,0.933,0.067,0.3818
0.13,0.77,0.1,-0.318
0.039,0.831,0.13,0.5267
0.061,0.771,0.169,0.7096
0.245,0.697,0.058,-0.8635
0.078,0.814,0.108,0.2247
0.19,0.724,0.086,-0.4588
0.0,0.94,0.06,0.2732
0.045,0.955,0.0,-0.3612
0.0,0.819,0.181,0.6249
0.049,0.822,0.129,0.7712
0.0,1.0,0.0,0.0
0.084,0.88,0.036,-0.6
0.0,0.719,0.281,0.5106
0.086,0.821,0.093,0.0516
0.097,0.755,0.147,0.1027
0.0,1.0,0.0,0.0
0.124,0.786,0.09,-0.743
0.185,0.711,0.104,-0.5147
0.317,0.646,0.037,-0.9627
0.0,0.814,0.186,0.9041
0.033,0.851,0.116,0.8484
0.092,0.836,0.072,-0.1779
0.0,0.901,0.099,0.705
0.0,0.891,0.109,0.5267
0.09,0.824,0.086,-0.128
0.057,0.769,0.174,0.4404
0.187,0.718,0.095,-0.5574
0.174,0.792,0.034,-0.9828
0.036,0.964,0.0,-0.34
0.0,1.0,0.0,0.0
0.121,0.802,0.077,-0.6497
0.0,0.786,0.214,0.5994
0.106,0.732,0.162,0.1406
0.095,0.797,0.108,0.63
0.059,0.784,0.157,0.5423
0.0,0.918,0.082,0.34
0.065,0.874,0.061,-0.0516
0.14,0.766,0.094,-0.4404
0.231,0.769,0.0,-0.5994
0.0,0.787,0.213,0.802
0.0,0.777,0.223,0.5574
0.0,0.714,0.286,0.7506
0.132,0.868,0.0,-0.5423
0.09,0.882,0.028,-0.6435
0.08,0.836,0.084,0.1263
0.07,0.856,0.075,0.0516
0.027,0.746,0.227,0.9438
0.0,1.0,0.0,0.0
0.154,0.812,0.034,-0.9477
0.0,1.0,0.0,0.0
0.0,0.858,0.142,0.4201
0.0,0.726,0.274,0.6597
0.056,0.944,0.0,-0.1531
0.0,0.93,0.07,0.5023
0.059,0.941,0.0,-0.3182
0.17,0.746,0.083,-0.7918
0.02,0.949,0.031,0.228
0.225,0.664,0.111,-0.6461
0.084,0.798,0.118,0.0258
0.0,0.935,0.065,0.2732
0.0,0.92,0.08,0.3818
0.088,0.889,0.023,-0.6187
0.016,0.924,0.06,0.6124
0.0,0.959,0.041,0.3506
0.0,1.0,0.0,0.0
0.0,0.894,0.106,0.743
0.0,0.826,0.174,0.8591
0.0,0.894,0.106,0.296
0.0,0.863,0.137,0.5574
0.227,0.728,0.046,-0.8658
0.104,0.808,0.088,-0.1027
0.063,0.783,0.154,0.5574
0.194,0.754,0.052,-0.765
0.103,0.751,0.146,0.3818
0.0,0.688,0.312,0.6124
0.16,0.719,0.121,-0.5267
0.094,0.772,0.134,0.5423
0.18,0.62,0.2,-0.1779
0.076,0.924,0.0,-0.2815
0.042,0.883,0.075,0.1779
0.163,0.739,0.097,-0.4497
0.345,0.622,0.033,-0.9723
0.516,0.382,0.102,-0.8176
0.0,0.921,0.079,0.3919
0.217,0.407,0.375,0.5414
0.109,0.757,0.134,0.2732
0.063,0.73,0.207,0.6908
0.021,0.789,0.191,0.7469
0.109,0.851,0.04,-0.6124
0.221,0.779,0.0,-0.5667
0.0,1.0,0.0,0.0
0.0,0.885,0.115,0.0772
0.451,0.549,0.0,-0.6249
0.131,0.839,0.03,-0.6449
0.0,0.836,0.164,0.6248
0.078,0.823,0.099,0.1813
0.197,0.636,0.167,-0.34
0.0,0.87,0.13,0.6592
0.5,0.5,0.0,-0.6124
0.022,0.956,0.022,0.0211
0.11,0.572,0.318,0.8591
0.056,0.883,0.061,0.046
0.073,0.927,0.0,-0.3818
0.065,0.84,0.095,0.296
0.05,0.812,0.138,0.7003
0.07,0.93,0.0,-0.3089
0.107,0.893,0.0,-0.6597
0.0,0.698,0.302,0.9437
0.108,0.892,0.0,-0.3182
0.0,1.0,0.0,0.0
0.058,0.809,0.133,0.9734
0.0,0.874,0.126,0.4927
0.125,0.724,0.151,-0.0516
0.0,1.0,0.0,0.0
0.048,0.857,0.095,0.3612
0.0,0.892,0.108,0.5574
0.039,0.961,0.0,-0.296
0.156,0.82,0.024,-0.836
0.183,0.722,0.095,-0.3182
0.0,0.615,0.385,0.8885
0.0,1.0,0.0,0.0
0.0,0.835,0.165,0.6003
0.0,0.865,0.135,0.6597
0.0,0.878,0.122,0.7845
0.066,0.797,0.137,0.3818
0.138,0.736,0.127,-0.2163
0.0,0.804,0.196,0.9403
0.115,0.822,0.063,-0.5692
0.039,0.728,0.233,0.9854
0.0,0.833,0.167,0.3412
0.0,0.882,0.118,0.1531
0.0,0.932,0.068,0.1531
0.08,0.802,0.117,0.7652
0.048,0.902,0.05,0.0258
0.0,1.0,0.0,0.0
0.0,0.932,0.068,0.5106
0.052,0.948,0.0,-0.296
0.047,0.91,0.042,-0.2168
0.021,0.833,0.145,0.93
0.052,0.66,0.288,0.7778
0.0,0.781,0.219,0.7783
0.0,0.865,0.135,0.2584
0.021,0.875,0.104,0.7579
0.0,0.968,0.032,0.1154
0.042,0.805,0.153,0.7717
0.0,0.914,0.086,0.1531
0.078,0.836,0.087,-0.1027
0.0,0.947,0.053,0.2263
0.208,0.655,0.137,-0.296
0.021,0.747,0.233,0.9623
0.113,0.781,0.106,-0.1742
0.353,0.647,0.0,-0.8481
0.077,0.887,0.037,-0.3204
0.0,0.765,0.235,0.96
0.0,1.0,0.0,0.0
0.0,1.0,0.0,0.0
0.082,0.82,0.098,-0.0865
0.175,0.73,0.095,-0.2732
0.268,0.68,0.052,-0.7506
0.073,0.775,0.152,0.3369
0.094,0.773,0.133,0.2023
0.059,0.84,0.101,0.0
0.129,0.706,0.165,0.1531
0.0,0.934,0.066,0.5106
0.022,0.978,0.0,-0.0772
0.228,0.772,0.0,-0.7269
0.148,0.852,0.0,-0.611
0.0,0.897,0.103,0.1531
0.0,1.0,0.0,0.0
0.144,0.796,0.06,-0.4215
0.091,0.909,0.0,-0.296
0.234,0.62,0.146,-0.7293
0.043,0.928,0.029,0.0201
0.153,0.73,0.117,-0.128
0.0,0.857,0.143,0.4588
0.0,0.929,0.071,0.4588
0.148,0.757,0.096,-0.6597
0.08,0.777,0.143,0.6808
0.026,0.752,0.222,0.9666
0.051,0.864,0.085,0.5836
0.372,0.628,0.0,-0.8074
0.035,0.915,0.05,0.0
0.0,0.839,0.161,0.5849
0.149,0.752,0.099,-0.5763
0.0,0.797,0.203,0.8261
0.0,0.858,0.142,0.7003
0.076,0.824,0.1,0.25
0.0,0.806,0.194,0.93
0.295,0.705,0.0,-0.6808
0.117,0.767,0.115,-0.4767
0.19,0.708,0.102,-0.3031
0.086,0.889,0.025,-0.6705
0.049,0.539,0.412,0.9633
0.117,0.671,0.212,0.8126
0.25,0.579,0.171,-0.34
0.029,0.875,0.097,0.5627
0.116,0.833,0.051,-0.4215
0.071,0.839,0.091,0.5129
0.06,0.873,0.067,0.0772
0.027,0.931,0.042,0.3818
0.0,0.909,0.091,0.4005
0.112,0.888,0.0,-0.2235
0.067,0.695,0.238,0.8934
0.074,0.793,0.133,0.8948
0.217,0.666,0.117,-0.7884
0.065,0.813,0.122,0.6124
0.117,0.803,0.08,-0.3536
0.086,0.817,0.098,-0.3737
0.0,0.842,0.158,0.946
0.126,0.835,0.038,-0.5719
0.046,0.765,0.188,0.9682
0.157,0.637,0.206,0.25
0.0,0.911,0.089,0.5423
0.129,0.871,0.0,-0.508
0.134,0.816,0.05,-0.8674
0.074,0.585,0.341,0.8204
0.0,0.875,0.125,0.6808
0.057,0.866,0.077,0.2263
0.0,0.905,0.095,0.3291
0.0,0.705,0.295,0.5574
0.141,0.769,0.09,-0.9516
0.188,0.61,0.202,-0.1779
0.046,0.752,0.202,0.705
0.0,0.858,0.142,0.5402
0.0,0.816,0.184,0.3818
0.151,0.778,0.072,-0.5023
0.032,0.914,0.054,0.4939
0.122,0.805,0.073,-0.716
0.028,0.725,0.247,0.9349
0.178,0.69,0.132,-0.6494
0.037,0.758,0.205,0.9295
0.025,0.788,0.188,0.9468
0.116,0.8,0.084,-0.2263
0.048,0.773,0.179,0.5975
0.0,0.931,0.069,0.5719
0.108,0.788,0.103,-0.3425
0.0,1.0,0.0,0.0
0.0,0.935,0.065,0.1531
0.0,1.0,0.0,0.0
0.0,0.971,0.029,0.0772
0.098,0.849,0.053,-0.34
0.412,0.455,0.133,-0.5448
0.043,0.74,0.217,0.878
0.103,0.846,0.05,-0.4019
0.139,0.861,0.0,-0.4019
0.16,0.741,0.099,-0.3612
0.169,0.831,0.0,-0.7717
0.04,0.914,0.046,-0.1027
0.103,0.897,0.0,-0.4588
0.059,0.811,0.131,0.4939
0.046,0.777,0.177,0.8675
0.0,1.0,0.0,0.0
0.136,0.761,0.104,-0.2937
0.0,0.933,0.067,0.4215
0.15,0.78,0.07,-0.4856
0.0,0.84,0.16,0.2732
0.146,0.719,0.135,-0.3612
0.062,0.689,0.248,0.6593
0.24,0.664,0.096,-0.743
0.254,0.746,0.0,-0.9231
0.0,1.0,0.0,0.0
0.06,0.857,0.083,0.2023
0.313,0.638,0.049,-0.8271
0.048,0.952,0.0,-0.2846
0.169,0.735,0.096,-0.8779
0.0,1.0,0.0,0.0
0.266,0.682,0.052,-0.8126
0.069,0.811,0.12,0.4215
0.158,0.759,0.083,-0.7747
0.123,0.877,0.0,-0.2732
0.08,0.845,0.075,-0.2944
0.145,0.816,0.039,-0.5719
0.186,0.754,0.06,-0.7367
0.128,0.737,0.135,-0.1027
0.048,0.952,0.0,-0.296
0.054,0.871,0.074,-0.0258
0.03,0.931,0.039,0.1306
0.0,1.0,0.0,0.0
0.299,0.701,0.0,-0.9152
0.375,0.625,0.0,-0.765
0.0,0.855,0.145,0.6866
0.138,0.762,0.099,-0.4005
0.058,0.838,0.104,0.2406
0.0,0.887,0.113,0.228
0.0,0.88,0.12,0.6908
0.0,1.0,0.0,0.0
0.21,0.675,0.116,-0.7512
0.103,0.897,0.0,-0.3412
0.0,0.903,0.097,0.775
0.078,0.752,0.17,0.0772
0.0,0.876,0.124,0.34
0.084,0.855,0.061,-0.2549
0.387,0.613,0.0,-0.9313
0.108,0.892,0.0,-0.2584
0.114,0.824,0.063,-0.3182
0.108,0.729,0.163,0.1531
0.0,0.868,0.132,0.4404
0.0,1.0,0.0,0.0
0.111,0.815,0.074,-0.4404
0.0,0.933,0.067,0.3182
0.189,0.701,0.11,-0.4019
0.0,1.0,0.0,0.0
0.114,0.764,0.122,-0.3182
0.0,0.841,0.159,0.6705
0.067,0.724,0.209,0.9062
0.0,0.886,0.114,0.7088
0.036,0.915,0.049,0.1548
0.054,0.871,0.075,0.3818
0.0,0.775,0.225,0.4404
0.0,0.948,0.052,0.2732
0.17,0.638,0.191,0.0258
0.028,0.848,0.124,0.7269
0.062,0.884,0.054,-0.1655
0.103,0.614,0.282,0.8885
0.06,0.88,0.061,0.3058
0.02,0.95,0.03,0.1779
0.0,1.0,0.0,0.0
0.089,0.911,0.0,-0.5267
0.106,0.829,0.066,-0.0258
0.0,1.0,0.0,0.0
0.063,0.844,0.093,-0.0258
0.079,0.878,0.043,-0.9628
0.018,0.701,0.281,0.9837
0.179,0.699,0.122,-0.7506
0.259,0.676,0.065,-0.7837
0.043,0.851,0.106,0.9453
0.097,0.881,0.022,-0.5994
0.095,0.776,0.129,-0.0516
0.063,0.937,0.0,-0.3612
0.109,0.763,0.128,0.2486
0.138,0.594,0.269,0.6218
0.0,0.895,0.105,0.7641
0.076,0.813,0.111,0.1709
0.191,0.546,0.263,0.1984
0.139,0.861,0.0,-0.4019
0.037,0.832,0.131,0.9063
0.12,0.656,0.225,0.8122
0.0,0.729,0.271,0.8422
0.0,1.0,0.0,0.0
0.145,0.855,0.0,-0.6808
0.0,0.837,0.163,0.7506
0.08,0.839,0.08,0.0
0.097,0.804,0.098,-0.2263
0.0,0.916,0.084,0.0258
0.082,0.858,0.06,-0.1531
0.045,0.816,0.139,0.5267
0.0,0.851,0.149,0.1901
0.076,0.732,0.192,0.6249
0.111,0.846,0.042,-0.2716
0.155,0.845,0.0,-0.296
0.107,0.856,0.037,-0.8356
0.032,0.855,0.113,0.5859
0.053,0.815,0.132,0.631
0.01,0.945,0.045,0.705
0.021,0.909,0.07,0.4767
0.086,0.858,0.057,-0.4939
0.111,0.732,0.157,0.3597
0.078,0.776,0.147,0.5267
0.0,0.895,0.105,0.4019
0.037,0.844,0.119,0.4956
0.0,0.944,0.056,0.1531
0.029,0.841,0.131,0.8689
0.12,0.812,0.068,-0.296
0.063,0.927,0.011,-0.8111
0.145,0.801,0.053,-0.5867
0.125,0.766,0.109,-0.465
0.0,0.889,0.111,0.5255
0.058,0.909,0.033,-0.222
0.0,1.0,0.0,0.0
0.026,0.787,0.187,0.8481
0.44,0.56,0.0,-0.7257
0.247,0.627,0.125,-0.7414
0.043,0.875,0.082,0.535
0.096,0.865,0.039,-0.7717
0.236,0.628,0.137,-0.924
0.242,0.585,0.173,-0.302
0.031,0.935,0.035,-0.3914
0.0,0.944,0.056,0.1531
0.0,1.0,0.0,0.0
